52
52
ALBACETE 38.9977 -1.86007
ALICANTE 38.3452 -0.481006
ALMERIA 36.8402 -2.46792
AVILA 40.6564 -4.70032
BADAJOZ 38.8786 -6.97028
BARCELONA 41.3879 2.16992
BILBAO 43.257 -2.92344
BURGOS 42.3409 -3.69973
CACERES 39.4762 -6.37076
CADIZ 36.5297 -6.29266
CASTELLON 39.986 -0.0376709
CEUTA 35.8883 -5.3162
CIUDAD_REAL 38.9861 -3.92726
CORDOBA 37.8847 -4.77915
CORU#A 43.3709 -8.39583
CUENCA 40.0718 -2.13401
GIRONA 41.9818 2.8237
GRANADA 37.1765 -3.59793
GUADALAJARA 40.6298 -3.16649
HUELVA 37.2571 -6.94955
HUESCA 42.1401 -0.408898
JAEN 37.7657 -3.78952
LAS_PALMAS_DE_GRAN_CANARIA 28.1248 -15.43
LEON 42.5999 -5.57175
LLEIDA 41.6142 0.625782
LOGRO#O 42.4658 -2.45
LUGO 43.0121 -7.55585
MADRID 40.4167 -3.70035
MALAGA 36.7197 -4.42002
MELILLA 35.2923 -2.93879
MURCIA 37.9834 -1.12989
ORENSE 42.34 -7.86464
OVIEDO 43.3603 -5.84476
PALENCIA 42.0125 -4.53118
PALMA_DE_MALLORCA 39.5695 2.64997
PAMPLONA 42.8172 -1.64677
PONTEVEDRA 42.4336 -8.64805
SALAMANCA 40.965 -5.66305
SAN_SEBASTIAN 43.3207 -1.98442
SANTA_CRUZ_DE_TENERIFE 28.4698 -16.2549
SANTANDER 43.461 -3.80793
SEGOVIA 40.9494 -4.11921
SEVILLA 37.3826 -5.99629
SORIA 41.7636 -2.46492
TARRAGONA 41.1187 1.24533
TERUEL 40.3441 -1.10691
TOLEDO 39.8568 -4.02448
VALENCIA 39.4702 -0.376805
VALLADOLID 41.653 -4.72839
VITORIA 42.8464 -2.66789
ZAMORA 41.5037 -5.74378
ZARAGOZA 41.6563 -0.876538
306
0 1 171
0 2 369
0 12 208
0 15 142
0 21 264
0 27 251
0 30 149
0 45 242
0 46 240
0 47 191
1 0 171
1 2 294
1 17 353
1 30 76
1 45 317
1 47 166
2 0 369
2 1 294
2 17 166
2 21 228
2 28 219
2 30 218
3 8 229
3 27 115
3 37 97
3 41 67
3 46 137
3 48 122
4 8 89
4 12 317
4 13 272
4 19 251
4 27 401
4 42 217
4 46 368
5 16 101
5 24 156
5 44 99
6 35 158
6 38 119
6 40 107
6 49 66
7 18 238
7 23 201
7 25 114
7 27 237
7 33 86
7 40 157
7 41 197
7 43 141
7 48 123
7 49 114
8 3 229
8 4 89
8 12 325
8 13 319
8 27 297
8 37 210
8 42 264
8 46 264
9 19 219
9 28 265
9 42 125
10 15 305
10 44 187
10 45 152
10 47 65
10 51 283
12 0 208
12 4 317
12 8 325
12 13 201
12 15 244
12 21 179
12 27 190
12 46 119
13 4 272
13 8 319
13 12 201
13 17 166
13 21 104
13 27 400
13 28 187
13 42 138
14 26 98
14 31 175
14 32 340
14 36 121
15 0 142
15 10 305
15 12 244
15 18 186
15 27 167
15 45 153
15 46 187
15 47 220
16 5 101
16 24 256
16 35 538
17 1 353
17 2 166
17 13 166
17 21 99
17 28 129
17 30 278
17 42 256
18 7 238
18 15 186
18 27 58
18 41 145
18 43 173
18 45 244
18 46 129
18 51 267
19 4 251
19 9 219
19 42 94
20 24 118
20 25 244
20 35 164
20 51 72
21 0 264
21 2 228
21 12 179
21 13 104
21 17 99
21 27 335
21 28 209
21 30 340
23 7 201
23 26 236
23 31 271
23 32 118
23 33 130
23 40 294
23 48 135
23 50 135
24 5 156
24 16 256
24 20 118
24 44 92
24 45 319
24 51 140
25 7 114
25 20 244
25 35 89
25 38 169
25 43 105
25 49 86
25 51 172
26 14 98
26 23 236
26 31 95
26 32 242
26 36 148
26 50 313
27 0 251
27 3 115
27 4 401
27 7 237
27 8 297
27 12 190
27 13 400
27 15 167
27 18 58
27 21 335
27 41 87
27 43 231
27 46 71
27 47 352
27 48 194
28 2 219
28 9 265
28 13 187
28 17 129
28 21 209
28 42 219
30 0 149
30 1 76
30 2 218
30 17 278
30 21 340
31 14 175
31 23 271
31 26 95
31 36 102
31 50 284
32 14 340
32 23 118
32 26 242
32 40 206
33 7 86
33 23 130
33 40 202
33 43 213
33 48 48
33 50 143
35 6 158
35 16 538
35 20 164
35 25 89
35 38 92
35 49 93
35 51 175
36 14 121
36 26 148
36 31 102
37 3 97
37 8 210
37 41 164
37 48 116
37 50 62
38 6 119
38 25 169
38 35 92
38 49 118
40 6 107
40 7 157
40 23 294
40 32 206
40 33 202
40 49 174
41 3 67
41 7 197
41 18 145
41 27 87
41 37 164
41 43 194
41 48 112
41 50 182
42 4 217
42 8 264
42 9 125
42 13 138
42 17 256
42 19 94
42 28 219
43 7 141
43 18 173
43 25 105
43 27 231
43 33 213
43 41 194
43 45 231
43 48 211
43 51 157
44 5 99
44 10 187
44 24 92
44 45 311
45 0 242
45 1 317
45 10 152
45 15 153
45 18 244
45 24 319
45 43 231
45 44 311
45 47 145
45 51 181
46 0 240
46 3 137
46 4 368
46 8 264
46 12 119
46 15 187
46 18 129
46 27 71
46 47 372
47 0 191
47 1 166
47 10 65
47 15 220
47 27 352
47 45 145
47 46 372
48 3 122
48 7 123
48 23 135
48 27 194
48 33 48
48 37 116
48 41 112
48 43 211
48 50 96
49 6 66
49 7 114
49 25 86
49 35 93
49 38 118
49 40 174
50 23 135
50 26 313
50 31 284
50 33 143
50 37 62
50 41 182
50 48 96
51 10 283
51 18 267
51 20 72
51 24 140
51 25 172
51 35 175
51 43 157
51 45 181
